lines
-0.85065080835204 0.0 -0.5257311121191336 1
-0.7020464447761631 -0.16062203564002314 -0.6937804775604491 1
-0.7020464447761631 -0.16062203564002314 -0.6937804775604491 1
-0.7020464447761631 -0.16062203564002314 -0.6937804775604491 1
-0.5000000000000001 -0.30901699437494745 -0.8090169943749475 1
-0.5000000000000001 -0.30901699437494745 -0.8090169943749475 1
-0.5000000000000001 -0.30901699437494745 -0.8090169943749475 1
-0.7020464447761631 -0.16062203564002314 -0.6937804775604491 1
0.0 -0.5257311121191336 -0.85065080835204 1
0.0 -0.5257311121191336 -0.85065080835204 1
0.0 -0.5257311121191336 -0.85065080835204 1
-0.25989191300775444 -0.4338885645526948 -0.8626684804161862 1
-0.5000000000000001 -0.30901699437494745 -0.8090169943749475 1
-0.25989191300775444 -0.4338885645526948 -0.8626684804161862 1
-0.25989191300775444 -0.4338885645526948 -0.8626684804161862 1
-0.25989191300775444 -0.4338885645526948 -0.8626684804161862 1
-0.7020464447761631 -0.16062203564002314 -0.6937804775604491 1
-0.8626684804161862 -0.25989191300775444 -0.4338885645526948 1
-0.8626684804161862 -0.25989191300775444 -0.4338885645526948 1
-0.85065080835204 0.0 -0.5257311121191336 1
-0.5000000000000001 -0.30901699437494745 -0.8090169943749475 1
-0.6881909602355868 -0.42532540417602005 -0.5877852522924731 1
-0.6881909602355868 -0.42532540417602005 -0.5877852522924731 1
-0.7020464447761631 -0.16062203564002314 -0.6937804775604491 1
-0.8090169943749475 -0.5000000000000001 -0.30901699437494745 1
-0.8626684804161862 -0.25989191300775444 -0.4338885645526948 1
-0.8626684804161862 -0.25989191300775444 -0.4338885645526948 1
-0.6881909602355868 -0.42532540417602005 -0.5877852522924731 1
-0.6881909602355868 -0.42532540417602005 -0.5877852522924731 1
-0.8090169943749475 -0.5000000000000001 -0.30901699437494745 1
0.0 -0.5257311121191336 -0.85065080835204 1
-0.16062203564002311 -0.6937804775604491 -0.702046444776163 1
-0.16062203564002311 -0.6937804775604491 -0.702046444776163 1
-0.25989191300775444 -0.4338885645526948 -0.8626684804161862 1
-0.3090169943749474 -0.8090169943749473 -0.5 1
-0.42532540417602 -0.5877852522924731 -0.6881909602355868 1
-0.42532540417602 -0.5877852522924731 -0.6881909602355868 1
-0.16062203564002311 -0.6937804775604491 -0.702046444776163 1
-0.16062203564002311 -0.6937804775604491 -0.702046444776163 1
-0.3090169943749474 -0.8090169943749473 -0.5 1
-0.25989191300775444 -0.4338885645526948 -0.8626684804161862 1
-0.42532540417602 -0.5877852522924731 -0.6881909602355868 1
-0.42532540417602 -0.5877852522924731 -0.6881909602355868 1
-0.5000000000000001 -0.30901699437494745 -0.8090169943749475 1
-0.5257311121191336 -0.85065080835204 0.0 1
-0.6937804775604491 -0.7020464447761631 -0.16062203564002314 1
-0.6937804775604491 -0.7020464447761631 -0.16062203564002314 1
-0.43388856455269476 -0.8626684804161862 -0.2598919130077544 1
-0.43388856455269476 -0.8626684804161862 -0.2598919130077544 1
-0.5257311121191336 -0.85065080835204 0.0 1
-0.8090169943749475 -0.5000000000000001 -0.30901699437494745 1
-0.5877852522924731 -0.6881909602355867 -0.42532540417601994 1
-0.5877852522924731 -0.6881909602355867 -0.42532540417601994 1
-0.6937804775604491 -0.7020464447761631 -0.16062203564002314 1
-0.6937804775604491 -0.7020464447761631 -0.16062203564002314 1
-0.8090169943749475 -0.5000000000000001 -0.30901699437494745 1
-0.3090169943749474 -0.8090169943749473 -0.5 1
-0.43388856455269476 -0.8626684804161862 -0.2598919130077544 1
-0.43388856455269476 -0.8626684804161862 -0.2598919130077544 1
-0.5877852522924731 -0.6881909602355867 -0.42532540417601994 1
-0.5877852522924731 -0.6881909602355867 -0.42532540417601994 1
-0.3090169943749474 -0.8090169943749473 -0.5 1
-0.42532540417602 -0.5877852522924731 -0.6881909602355868 1
-0.6881909602355868 -0.42532540417602005 -0.5877852522924731 1
-0.5877852522924731 -0.6881909602355867 -0.42532540417601994 1
-0.42532540417602 -0.5877852522924731 -0.6881909602355868 1
-0.6881909602355868 -0.42532540417602005 -0.5877852522924731 1
-0.5877852522924731 -0.6881909602355867 -0.42532540417601994 1
-0.7020464447761631 -0.16062203564002314 -0.6937804775604491 1
-0.7020464447761631 0.16062203564002314 -0.6937804775604491 1
-0.7020464447761631 0.16062203564002314 -0.6937804775604491 1
-0.85065080835204 0.0 -0.5257311121191336 1
-0.5000000000000001 -0.30901699437494745 -0.8090169943749475 1
-0.5257311121191337 0.0 -0.8506508083520399 1
-0.5257311121191337 0.0 -0.8506508083520399 1
-0.7020464447761631 -0.16062203564002314 -0.6937804775604491 1
-0.5000000000000001 0.30901699437494745 -0.8090169943749475 1
-0.7020464447761631 0.16062203564002314 -0.6937804775604491 1
-0.7020464447761631 0.16062203564002314 -0.6937804775604491 1
-0.5257311121191337 0.0 -0.8506508083520399 1
-0.5257311121191337 0.0 -0.8506508083520399 1
-0.5000000000000001 0.30901699437494745 -0.8090169943749475 1
0.0 -0.5257311121191336 -0.85065080835204 1
0.0 -0.2732665289126717 -0.9619383577839176 1
0.0 -0.2732665289126717 -0.9619383577839176 1
-0.25989191300775444 -0.4338885645526948 -0.8626684804161862 1
0.0 0.0 -1.0 1
-0.26286555605956685 -0.16245984811645317 -0.9510565162951536 1
-0.26286555605956685 -0.16245984811645317 -0.9510565162951536 1
0.0 -0.2732665289126717 -0.9619383577839176 1
0.0 -0.2732665289126717 -0.9619383577839176 1
0.0 0.0 -1.0 1
-0.25989191300775444 -0.4338885645526948 -0.8626684804161862 1
-0.26286555605956685 -0.16245984811645317 -0.9510565162951536 1
-0.26286555605956685 -0.16245984811645317 -0.9510565162951536 1
-0.5000000000000001 -0.30901699437494745 -0.8090169943749475 1
0.0 0.5257311121191336 -0.85065080835204 1
-0.25989191300775444 0.4338885645526948 -0.8626684804161862 1
-0.25989191300775444 0.4338885645526948 -0.8626684804161862 1
0.0 0.2732665289126717 -0.9619383577839176 1
0.0 0.2732665289126717 -0.9619383577839176 1
0.0 0.5257311121191336 -0.85065080835204 1
-0.5000000000000001 0.30901699437494745 -0.8090169943749475 1
-0.26286555605956685 0.16245984811645317 -0.9510565162951536 1
-0.26286555605956685 0.16245984811645317 -0.9510565162951536 1
-0.25989191300775444 0.4338885645526948 -0.8626684804161862 1
-0.25989191300775444 0.4338885645526948 -0.8626684804161862 1
-0.5000000000000001 0.30901699437494745 -0.8090169943749475 1
0.0 0.0 -1.0 1
0.0 0.2732665289126717 -0.9619383577839176 1
0.0 0.2732665289126717 -0.9619383577839176 1
-0.26286555605956685 0.16245984811645317 -0.9510565162951536 1
-0.26286555605956685 0.16245984811645317 -0.9510565162951536 1
0.0 0.0 -1.0 1
-0.26286555605956685 -0.16245984811645317 -0.9510565162951536 1
-0.5257311121191337 0.0 -0.8506508083520399 1
-0.26286555605956685 0.16245984811645317 -0.9510565162951536 1
-0.26286555605956685 -0.16245984811645317 -0.9510565162951536 1
-0.5257311121191337 0.0 -0.8506508083520399 1
-0.26286555605956685 0.16245984811645317 -0.9510565162951536 1
-0.8626684804161862 -0.25989191300775444 -0.4338885645526948 1
-0.8626684804161862 -0.25989191300775444 -0.4338885645526948 1
-0.8090169943749475 -0.5000000000000001 -0.30901699437494745 1
-0.8090169943749475 -0.5000000000000001 -0.30901699437494745 1
-0.5257311121191336 -0.85065080835204 0.0 1
-0.5257311121191336 -0.85065080835204 0.0 1
-0.6937804775604491 -0.7020464447761631 -0.16062203564002314 1
-0.6937804775604491 -0.7020464447761631 -0.16062203564002314 1
-0.8626684804161862 -0.25989191300775444 -0.4338885645526948 1
-0.9619383577839176 0.0 -0.2732665289126717 1
-0.9619383577839176 0.0 -0.2732665289126717 1
-0.85065080835204 0.0 -0.5257311121191336 1
-0.8090169943749475 -0.5000000000000001 -0.30901699437494745 1
-0.9510565162951536 -0.26286555605956685 -0.16245984811645317 1
-0.9510565162951536 -0.26286555605956685 -0.16245984811645317 1
-0.8626684804161862 -0.25989191300775444 -0.4338885645526948 1
-1.0 0.0 0.0 1
-0.9619383577839176 0.0 -0.2732665289126717 1
-0.9619383577839176 0.0 -0.2732665289126717 1
-0.9510565162951536 -0.26286555605956685 -0.16245984811645317 1
-0.9510565162951536 -0.26286555605956685 -0.16245984811645317 1
-1.0 0.0 0.0 1
-0.5257311121191336 -0.85065080835204 0.0 1
-0.6937804775604491 -0.7020464447761631 0.16062203564002314 1
-0.6937804775604491 -0.7020464447761631 0.16062203564002314 1
-0.6937804775604491 -0.7020464447761631 -0.16062203564002314 1
-0.8090169943749475 -0.5000000000000001 0.30901699437494745 1
-0.8506508083520399 -0.5257311121191337 0.0 1
-0.8506508083520399 -0.5257311121191337 0.0 1
-0.6937804775604491 -0.7020464447761631 0.16062203564002314 1
-0.6937804775604491 -0.7020464447761631 0.16062203564002314 1
-0.8090169943749475 -0.5000000000000001 0.30901699437494745 1
-0.6937804775604491 -0.7020464447761631 -0.16062203564002314 1
-0.8506508083520399 -0.5257311121191337 0.0 1
-0.8506508083520399 -0.5257311121191337 0.0 1
-0.8090169943749475 -0.5000000000000001 -0.30901699437494745 1
-0.85065080835204 0.0 0.5257311121191336 1
-0.9619383577839176 0.0 0.2732665289126717 1
-0.9619383577839176 0.0 0.2732665289126717 1
-0.8626684804161862 -0.25989191300775444 0.4338885645526948 1
-0.8626684804161862 -0.25989191300775444 0.4338885645526948 1
-0.85065080835204 0.0 0.5257311121191336 1
-1.0 0.0 0.0 1
-0.9510565162951536 -0.26286555605956685 0.16245984811645317 1
-0.9510565162951536 -0.26286555605956685 0.16245984811645317 1
-0.9619383577839176 0.0 0.2732665289126717 1
-0.9619383577839176 0.0 0.2732665289126717 1
-1.0 0.0 0.0 1
-0.8090169943749475 -0.5000000000000001 0.30901699437494745 1
-0.8626684804161862 -0.25989191300775444 0.4338885645526948 1
-0.8626684804161862 -0.25989191300775444 0.4338885645526948 1
-0.9510565162951536 -0.26286555605956685 0.16245984811645317 1
-0.9510565162951536 -0.26286555605956685 0.16245984811645317 1
-0.8090169943749475 -0.5000000000000001 0.30901699437494745 1
-0.8506508083520399 -0.5257311121191337 0.0 1
-0.9510565162951536 -0.26286555605956685 -0.16245984811645317 1
-0.9510565162951536 -0.26286555605956685 0.16245984811645317 1
-0.8506508083520399 -0.5257311121191337 0.0 1
-0.9510565162951536 -0.26286555605956685 -0.16245984811645317 1
-0.9510565162951536 -0.26286555605956685 0.16245984811645317 1
-0.9619383577839176 0.0 -0.2732665289126717 1
-0.9619383577839176 0.0 -0.2732665289126717 1
-1.0 0.0 0.0 1
-1.0 0.0 0.0 1
-0.85065080835204 0.0 0.5257311121191336 1
-0.85065080835204 0.0 0.5257311121191336 1
-0.9619383577839176 0.0 0.2732665289126717 1
-0.9619383577839176 0.0 0.2732665289126717 1
-0.9619383577839176 0.0 -0.2732665289126717 1
-0.8626684804161862 0.25989191300775444 -0.4338885645526948 1
-0.8626684804161862 0.25989191300775444 -0.4338885645526948 1
-0.85065080835204 0.0 -0.5257311121191336 1
-1.0 0.0 0.0 1
-0.9510565162951536 0.26286555605956685 -0.16245984811645317 1
-0.9510565162951536 0.26286555605956685 -0.16245984811645317 1
-0.9619383577839176 0.0 -0.2732665289126717 1
-0.8090169943749475 0.5000000000000001 -0.30901699437494745 1
-0.8626684804161862 0.25989191300775444 -0.4338885645526948 1
-0.8626684804161862 0.25989191300775444 -0.4338885645526948 1
-0.9510565162951536 0.26286555605956685 -0.16245984811645317 1
-0.9510565162951536 0.26286555605956685 -0.16245984811645317 1
-0.8090169943749475 0.5000000000000001 -0.30901699437494745 1
-0.85065080835204 0.0 0.5257311121191336 1
-0.8626684804161862 0.25989191300775444 0.4338885645526948 1
-0.8626684804161862 0.25989191300775444 0.4338885645526948 1
-0.9619383577839176 0.0 0.2732665289126717 1
-0.8090169943749475 0.5000000000000001 0.30901699437494745 1
-0.9510565162951536 0.26286555605956685 0.16245984811645317 1
-0.9510565162951536 0.26286555605956685 0.16245984811645317 1
-0.8626684804161862 0.25989191300775444 0.4338885645526948 1
-0.8626684804161862 0.25989191300775444 0.4338885645526948 1
-0.8090169943749475 0.5000000000000001 0.30901699437494745 1
-0.9619383577839176 0.0 0.2732665289126717 1
-0.9510565162951536 0.26286555605956685 0.16245984811645317 1
-0.9510565162951536 0.26286555605956685 0.16245984811645317 1
-1.0 0.0 0.0 1
-0.5257311121191336 0.85065080835204 0.0 1
-0.6937804775604491 0.7020464447761631 -0.16062203564002314 1
-0.6937804775604491 0.7020464447761631 -0.16062203564002314 1
-0.6937804775604491 0.7020464447761631 0.16062203564002314 1
-0.6937804775604491 0.7020464447761631 0.16062203564002314 1
-0.5257311121191336 0.85065080835204 0.0 1
-0.8090169943749475 0.5000000000000001 -0.30901699437494745 1
-0.8506508083520399 0.5257311121191337 0.0 1
-0.8506508083520399 0.5257311121191337 0.0 1
-0.6937804775604491 0.7020464447761631 -0.16062203564002314 1
-0.6937804775604491 0.7020464447761631 -0.16062203564002314 1
-0.8090169943749475 0.5000000000000001 -0.30901699437494745 1
-0.8090169943749475 0.5000000000000001 0.30901699437494745 1
-0.6937804775604491 0.7020464447761631 0.16062203564002314 1
-0.6937804775604491 0.7020464447761631 0.16062203564002314 1
-0.8506508083520399 0.5257311121191337 0.0 1
-0.8506508083520399 0.5257311121191337 0.0 1
-0.8090169943749475 0.5000000000000001 0.30901699437494745 1
-0.9510565162951536 0.26286555605956685 0.16245984811645317 1
-0.9510565162951536 0.26286555605956685 -0.16245984811645317 1
-0.8506508083520399 0.5257311121191337 0.0 1
-0.9510565162951536 0.26286555605956685 0.16245984811645317 1
-0.9510565162951536 0.26286555605956685 -0.16245984811645317 1
-0.8506508083520399 0.5257311121191337 0.0 1
-0.7020464447761631 0.16062203564002314 -0.6937804775604491 1
-0.7020464447761631 0.16062203564002314 -0.6937804775604491 1
-0.5000000000000001 0.30901699437494745 -0.8090169943749475 1
-0.5000000000000001 0.30901699437494745 -0.8090169943749475 1
0.0 0.5257311121191336 -0.85065080835204 1
0.0 0.5257311121191336 -0.85065080835204 1
-0.25989191300775444 0.4338885645526948 -0.8626684804161862 1
-0.25989191300775444 0.4338885645526948 -0.8626684804161862 1
-0.7020464447761631 0.16062203564002314 -0.6937804775604491 1
-0.8626684804161862 0.25989191300775444 -0.4338885645526948 1
-0.5000000000000001 0.30901699437494745 -0.8090169943749475 1
-0.6881909602355868 0.42532540417602005 -0.5877852522924731 1
-0.6881909602355868 0.42532540417602005 -0.5877852522924731 1
-0.7020464447761631 0.16062203564002314 -0.6937804775604491 1
-0.8626684804161862 0.25989191300775444 -0.4338885645526948 1
-0.6881909602355868 0.42532540417602005 -0.5877852522924731 1
-0.6881909602355868 0.42532540417602005 -0.5877852522924731 1
-0.8090169943749475 0.5000000000000001 -0.30901699437494745 1
0.0 0.5257311121191336 -0.85065080835204 1
-0.16062203564002311 0.6937804775604491 -0.702046444776163 1
-0.16062203564002311 0.6937804775604491 -0.702046444776163 1
-0.25989191300775444 0.4338885645526948 -0.8626684804161862 1
-0.3090169943749474 0.8090169943749473 -0.5 1
-0.42532540417602 0.5877852522924731 -0.6881909602355868 1
-0.42532540417602 0.5877852522924731 -0.6881909602355868 1
-0.16062203564002311 0.6937804775604491 -0.702046444776163 1
-0.16062203564002311 0.6937804775604491 -0.702046444776163 1
-0.3090169943749474 0.8090169943749473 -0.5 1
-0.25989191300775444 0.4338885645526948 -0.8626684804161862 1
-0.42532540417602 0.5877852522924731 -0.6881909602355868 1
-0.42532540417602 0.5877852522924731 -0.6881909602355868 1
-0.5000000000000001 0.30901699437494745 -0.8090169943749475 1
-0.6937804775604491 0.7020464447761631 -0.16062203564002314 1
-0.43388856455269476 0.8626684804161862 -0.2598919130077544 1
-0.43388856455269476 0.8626684804161862 -0.2598919130077544 1
-0.5257311121191336 0.85065080835204 0.0 1
-0.8090169943749475 0.5000000000000001 -0.30901699437494745 1
-0.5877852522924731 0.6881909602355867 -0.42532540417601994 1
-0.5877852522924731 0.6881909602355867 -0.42532540417601994 1
-0.6937804775604491 0.7020464447761631 -0.16062203564002314 1
-0.3090169943749474 0.8090169943749473 -0.5 1
-0.43388856455269476 0.8626684804161862 -0.2598919130077544 1
-0.43388856455269476 0.8626684804161862 -0.2598919130077544 1
-0.5877852522924731 0.6881909602355867 -0.42532540417601994 1
-0.5877852522924731 0.6881909602355867 -0.42532540417601994 1
-0.3090169943749474 0.8090169943749473 -0.5 1
-0.42532540417602 0.5877852522924731 -0.6881909602355868 1
-0.6881909602355868 0.42532540417602005 -0.5877852522924731 1
-0.5877852522924731 0.6881909602355867 -0.42532540417601994 1
-0.42532540417602 0.5877852522924731 -0.6881909602355868 1
-0.6881909602355868 0.42532540417602005 -0.5877852522924731 1
-0.5877852522924731 0.6881909602355867 -0.42532540417601994 1
-0.8626684804161862 0.25989191300775444 -0.4338885645526948 1
-0.8626684804161862 0.25989191300775444 -0.4338885645526948 1
-0.8090169943749475 0.5000000000000001 -0.30901699437494745 1
-0.8090169943749475 0.5000000000000001 -0.30901699437494745 1
-0.5257311121191336 0.85065080835204 0.0 1
-0.5257311121191336 0.85065080835204 0.0 1
-0.6937804775604491 0.7020464447761631 -0.16062203564002314 1
-0.6937804775604491 0.7020464447761631 -0.16062203564002314 1
-0.16062203564002311 -0.6937804775604491 -0.702046444776163 1
-0.16062203564002311 -0.6937804775604491 -0.702046444776163 1
-0.43388856455269476 -0.8626684804161862 -0.2598919130077544 1
-0.43388856455269476 -0.8626684804161862 -0.2598919130077544 1
-0.3090169943749474 -0.8090169943749473 -0.5 1
-0.30901699437494745 -0.8090169943749475 -0.5000000000000001 1
-0.30901699437494745 -0.8090169943749475 -0.5000000000000001 1
-0.43388856455269476 -0.8626684804161862 -0.2598919130077544 1
-0.30901699437494745 -0.8090169943749475 -0.5000000000000001 1
-0.16062203564002311 -0.6937804775604491 -0.702046444776163 1
-0.16062203564002311 -0.6937804775604491 -0.702046444776163 1
0.16062203564002311 -0.6937804775604491 -0.702046444776163 1
0.16062203564002311 -0.6937804775604491 -0.702046444776163 1
0.0 -0.5257311121191336 -0.85065080835204 1
-0.3090169943749474 -0.8090169943749473 -0.5 1
0.0 -0.8506508083520399 -0.5257311121191336 1
0.0 -0.8506508083520399 -0.5257311121191336 1
-0.16062203564002311 -0.6937804775604491 -0.702046444776163 1
0.3090169943749474 -0.8090169943749473 -0.5 1
0.16062203564002311 -0.6937804775604491 -0.702046444776163 1
0.16062203564002311 -0.6937804775604491 -0.702046444776163 1
0.0 -0.8506508083520399 -0.5257311121191336 1
0.0 -0.8506508083520399 -0.5257311121191336 1
0.3090169943749474 -0.8090169943749473 -0.5 1
-0.5257311121191336 -0.85065080835204 0.0 1
-0.2732665289126717 -0.9619383577839176 0.0 1
-0.2732665289126717 -0.9619383577839176 0.0 1
-0.43388856455269476 -0.8626684804161862 -0.2598919130077544 1
0.0 -1.0 0.0 1
-0.16245984811645314 -0.9510565162951536 -0.2628655560595668 1
-0.16245984811645314 -0.9510565162951536 -0.2628655560595668 1
-0.2732665289126717 -0.9619383577839176 0.0 1
-0.2732665289126717 -0.9619383577839176 0.0 1
0.0 -1.0 0.0 1
-0.43388856455269476 -0.8626684804161862 -0.2598919130077544 1
-0.16245984811645314 -0.9510565162951536 -0.2628655560595668 1
-0.16245984811645314 -0.9510565162951536 -0.2628655560595668 1
-0.3090169943749474 -0.8090169943749473 -0.5 1
0.5257311121191336 -0.85065080835204 0.0 1
0.43388856455269476 -0.8626684804161862 -0.2598919130077544 1
0.43388856455269476 -0.8626684804161862 -0.2598919130077544 1
0.2732665289126717 -0.9619383577839176 0.0 1
0.2732665289126717 -0.9619383577839176 0.0 1
0.5257311121191336 -0.85065080835204 0.0 1
0.3090169943749474 -0.8090169943749473 -0.5 1
0.16245984811645314 -0.9510565162951536 -0.2628655560595668 1
0.16245984811645314 -0.9510565162951536 -0.2628655560595668 1
0.43388856455269476 -0.8626684804161862 -0.2598919130077544 1
0.43388856455269476 -0.8626684804161862 -0.2598919130077544 1
0.3090169943749474 -0.8090169943749473 -0.5 1
0.0 -1.0 0.0 1
0.2732665289126717 -0.9619383577839176 0.0 1
0.2732665289126717 -0.9619383577839176 0.0 1
0.16245984811645314 -0.9510565162951536 -0.2628655560595668 1
0.16245984811645314 -0.9510565162951536 -0.2628655560595668 1
0.0 -1.0 0.0 1
-0.16245984811645314 -0.9510565162951536 -0.2628655560595668 1
0.0 -0.8506508083520399 -0.5257311121191336 1
0.16245984811645314 -0.9510565162951536 -0.2628655560595668 1
-0.16245984811645314 -0.9510565162951536 -0.2628655560595668 1
0.0 -0.8506508083520399 -0.5257311121191336 1
0.16245984811645314 -0.9510565162951536 -0.2628655560595668 1
0.0 -0.2732665289126717 -0.9619383577839176 1
0.0 -0.2732665289126717 -0.9619383577839176 1
0.0 0.0 -1.0 1
0.0 0.0 -1.0 1
0.0 0.2732665289126717 -0.9619383577839176 1
0.0 0.2732665289126717 -0.9619383577839176 1
0.0 -0.2732665289126717 -0.9619383577839176 1
0.25989191300775444 -0.4338885645526948 -0.8626684804161862 1
0.25989191300775444 -0.4338885645526948 -0.8626684804161862 1
0.0 -0.5257311121191336 -0.85065080835204 1
0.0 0.0 -1.0 1
0.26286555605956685 -0.16245984811645317 -0.9510565162951536 1
0.26286555605956685 -0.16245984811645317 -0.9510565162951536 1
0.0 -0.2732665289126717 -0.9619383577839176 1
0.5000000000000001 -0.30901699437494745 -0.8090169943749475 1
0.25989191300775444 -0.4338885645526948 -0.8626684804161862 1
0.25989191300775444 -0.4338885645526948 -0.8626684804161862 1
0.26286555605956685 -0.16245984811645317 -0.9510565162951536 1
0.26286555605956685 -0.16245984811645317 -0.9510565162951536 1
0.5000000000000001 -0.30901699437494745 -0.8090169943749475 1
0.0 0.5257311121191336 -0.85065080835204 1
0.25989191300775444 0.4338885645526948 -0.8626684804161862 1
0.25989191300775444 0.4338885645526948 -0.8626684804161862 1
0.0 0.2732665289126717 -0.9619383577839176 1
0.5000000000000001 0.30901699437494745 -0.8090169943749475 1
0.26286555605956685 0.16245984811645317 -0.9510565162951536 1
0.26286555605956685 0.16245984811645317 -0.9510565162951536 1
0.25989191300775444 0.4338885645526948 -0.8626684804161862 1
0.25989191300775444 0.4338885645526948 -0.8626684804161862 1
0.5000000000000001 0.30901699437494745 -0.8090169943749475 1
0.0 0.2732665289126717 -0.9619383577839176 1
0.26286555605956685 0.16245984811645317 -0.9510565162951536 1
0.26286555605956685 0.16245984811645317 -0.9510565162951536 1
0.0 0.0 -1.0 1
0.85065080835204 0.0 -0.5257311121191336 1
0.7020464447761631 -0.16062203564002314 -0.6937804775604491 1
0.7020464447761631 -0.16062203564002314 -0.6937804775604491 1
0.7020464447761631 0.16062203564002314 -0.6937804775604491 1
0.7020464447761631 0.16062203564002314 -0.6937804775604491 1
0.85065080835204 0.0 -0.5257311121191336 1
0.5000000000000001 -0.30901699437494745 -0.8090169943749475 1
0.5257311121191337 0.0 -0.8506508083520399 1
0.5257311121191337 0.0 -0.8506508083520399 1
0.7020464447761631 -0.16062203564002314 -0.6937804775604491 1
0.7020464447761631 -0.16062203564002314 -0.6937804775604491 1
0.5000000000000001 -0.30901699437494745 -0.8090169943749475 1
0.5000000000000001 0.30901699437494745 -0.8090169943749475 1
0.7020464447761631 0.16062203564002314 -0.6937804775604491 1
0.7020464447761631 0.16062203564002314 -0.6937804775604491 1
0.5257311121191337 0.0 -0.8506508083520399 1
0.5257311121191337 0.0 -0.8506508083520399 1
0.5000000000000001 0.30901699437494745 -0.8090169943749475 1
0.26286555605956685 0.16245984811645317 -0.9510565162951536 1
0.26286555605956685 -0.16245984811645317 -0.9510565162951536 1
0.5257311121191337 0.0 -0.8506508083520399 1
0.26286555605956685 0.16245984811645317 -0.9510565162951536 1
0.26286555605956685 -0.16245984811645317 -0.9510565162951536 1
0.5257311121191337 0.0 -0.8506508083520399 1
0.16062203564002311 -0.6937804775604491 -0.702046444776163 1
0.16062203564002311 -0.6937804775604491 -0.702046444776163 1
0.3090169943749474 -0.8090169943749473 -0.5 1
0.30901699437494745 -0.8090169943749475 -0.5000000000000001 1
0.30901699437494745 -0.8090169943749475 -0.5000000000000001 1
0.16062203564002311 -0.6937804775604491 -0.702046444776163 1
0.5257311121191336 -0.85065080835204 0.0 1
0.5257311121191336 -0.85065080835204 0.0 1
0.43388856455269476 -0.8626684804161862 -0.2598919130077544 1
0.43388856455269476 -0.8626684804161862 -0.2598919130077544 1
0.43388856455269476 -0.8626684804161862 -0.2598919130077544 1
0.30901699437494745 -0.8090169943749475 -0.5000000000000001 1
0.16062203564002311 -0.6937804775604491 -0.702046444776163 1
0.25989191300775444 -0.4338885645526948 -0.8626684804161862 1
0.3090169943749474 -0.8090169943749473 -0.5 1
0.42532540417602 -0.5877852522924731 -0.6881909602355868 1
0.42532540417602 -0.5877852522924731 -0.6881909602355868 1
0.16062203564002311 -0.6937804775604491 -0.702046444776163 1
0.25989191300775444 -0.4338885645526948 -0.8626684804161862 1
0.42532540417602 -0.5877852522924731 -0.6881909602355868 1
0.42532540417602 -0.5877852522924731 -0.6881909602355868 1
0.5000000000000001 -0.30901699437494745 -0.8090169943749475 1
0.5257311121191336 -0.85065080835204 0.0 1
0.6937804775604491 -0.7020464447761631 -0.16062203564002314 1
0.6937804775604491 -0.7020464447761631 -0.16062203564002314 1
0.43388856455269476 -0.8626684804161862 -0.2598919130077544 1
0.8090169943749475 -0.5000000000000001 -0.30901699437494745 1
0.5877852522924731 -0.6881909602355867 -0.42532540417601994 1
0.5877852522924731 -0.6881909602355867 -0.42532540417601994 1
0.6937804775604491 -0.7020464447761631 -0.16062203564002314 1
0.6937804775604491 -0.7020464447761631 -0.16062203564002314 1
0.8090169943749475 -0.5000000000000001 -0.30901699437494745 1
0.43388856455269476 -0.8626684804161862 -0.2598919130077544 1
0.5877852522924731 -0.6881909602355867 -0.42532540417601994 1
0.5877852522924731 -0.6881909602355867 -0.42532540417601994 1
0.3090169943749474 -0.8090169943749473 -0.5 1
0.7020464447761631 -0.16062203564002314 -0.6937804775604491 1
0.8626684804161862 -0.25989191300775444 -0.4338885645526948 1
0.8626684804161862 -0.25989191300775444 -0.4338885645526948 1
0.85065080835204 0.0 -0.5257311121191336 1
0.5000000000000001 -0.30901699437494745 -0.8090169943749475 1
0.6881909602355868 -0.42532540417602005 -0.5877852522924731 1
0.6881909602355868 -0.42532540417602005 -0.5877852522924731 1
0.7020464447761631 -0.16062203564002314 -0.6937804775604491 1
0.8090169943749475 -0.5000000000000001 -0.30901699437494745 1
0.8626684804161862 -0.25989191300775444 -0.4338885645526948 1
0.8626684804161862 -0.25989191300775444 -0.4338885645526948 1
0.6881909602355868 -0.42532540417602005 -0.5877852522924731 1
0.6881909602355868 -0.42532540417602005 -0.5877852522924731 1
0.8090169943749475 -0.5000000000000001 -0.30901699437494745 1
0.5877852522924731 -0.6881909602355867 -0.42532540417601994 1
0.42532540417602 -0.5877852522924731 -0.6881909602355868 1
0.6881909602355868 -0.42532540417602005 -0.5877852522924731 1
0.5877852522924731 -0.6881909602355867 -0.42532540417601994 1
0.42532540417602 -0.5877852522924731 -0.6881909602355868 1
0.6881909602355868 -0.42532540417602005 -0.5877852522924731 1
0.25989191300775444 -0.4338885645526948 -0.8626684804161862 1
0.25989191300775444 -0.4338885645526948 -0.8626684804161862 1
0.5000000000000001 -0.30901699437494745 -0.8090169943749475 1
0.5000000000000001 -0.30901699437494745 -0.8090169943749475 1
0.85065080835204 0.0 -0.5257311121191336 1
0.85065080835204 0.0 -0.5257311121191336 1
0.7020464447761631 -0.16062203564002314 -0.6937804775604491 1
0.7020464447761631 -0.16062203564002314 -0.6937804775604491 1
-0.6937804775604491 -0.7020464447761631 0.16062203564002314 1
-0.6937804775604491 -0.7020464447761631 0.16062203564002314 1
-0.8626684804161862 -0.25989191300775444 0.4338885645526948 1
-0.8626684804161862 -0.25989191300775444 0.4338885645526948 1
-0.8090169943749475 -0.5000000000000001 0.30901699437494745 1
-0.8090169943749475 -0.5000000000000001 0.30901699437494745 1
-0.6937804775604491 -0.7020464447761631 0.16062203564002314 1
-0.43388856455269476 -0.8626684804161862 0.2598919130077544 1
-0.43388856455269476 -0.8626684804161862 0.2598919130077544 1
-0.5257311121191336 -0.85065080835204 0.0 1
-0.8090169943749475 -0.5000000000000001 0.30901699437494745 1
-0.5877852522924731 -0.6881909602355867 0.42532540417601994 1
-0.5877852522924731 -0.6881909602355867 0.42532540417601994 1
-0.6937804775604491 -0.7020464447761631 0.16062203564002314 1
-0.3090169943749474 -0.8090169943749473 0.5 1
-0.43388856455269476 -0.8626684804161862 0.2598919130077544 1
-0.43388856455269476 -0.8626684804161862 0.2598919130077544 1
-0.5877852522924731 -0.6881909602355867 0.42532540417601994 1
-0.5877852522924731 -0.6881909602355867 0.42532540417601994 1
-0.3090169943749474 -0.8090169943749473 0.5 1
-0.85065080835204 0.0 0.5257311121191336 1
-0.7020464447761631 -0.16062203564002314 0.6937804775604491 1
-0.7020464447761631 -0.16062203564002314 0.6937804775604491 1
-0.8626684804161862 -0.25989191300775444 0.4338885645526948 1
-0.5000000000000001 -0.30901699437494745 0.8090169943749475 1
-0.6881909602355868 -0.42532540417602005 0.5877852522924731 1
-0.6881909602355868 -0.42532540417602005 0.5877852522924731 1
-0.7020464447761631 -0.16062203564002314 0.6937804775604491 1
-0.7020464447761631 -0.16062203564002314 0.6937804775604491 1
-0.5000000000000001 -0.30901699437494745 0.8090169943749475 1
-0.8626684804161862 -0.25989191300775444 0.4338885645526948 1
-0.6881909602355868 -0.42532540417602005 0.5877852522924731 1
-0.6881909602355868 -0.42532540417602005 0.5877852522924731 1
-0.8090169943749475 -0.5000000000000001 0.30901699437494745 1
0.0 -0.5257311121191336 0.85065080835204 1
-0.16062203564002311 -0.6937804775604491 0.702046444776163 1
-0.16062203564002311 -0.6937804775604491 0.702046444776163 1
-0.25989191300775444 -0.4338885645526948 0.8626684804161862 1
-0.25989191300775444 -0.4338885645526948 0.8626684804161862 1
0.0 -0.5257311121191336 0.85065080835204 1
-0.3090169943749474 -0.8090169943749473 0.5 1
-0.42532540417602 -0.5877852522924731 0.6881909602355868 1
-0.42532540417602 -0.5877852522924731 0.6881909602355868 1
-0.16062203564002311 -0.6937804775604491 0.702046444776163 1
-0.16062203564002311 -0.6937804775604491 0.702046444776163 1
-0.3090169943749474 -0.8090169943749473 0.5 1
-0.5000000000000001 -0.30901699437494745 0.8090169943749475 1
-0.25989191300775444 -0.4338885645526948 0.8626684804161862 1
-0.25989191300775444 -0.4338885645526948 0.8626684804161862 1
-0.42532540417602 -0.5877852522924731 0.6881909602355868 1
-0.42532540417602 -0.5877852522924731 0.6881909602355868 1
-0.5000000000000001 -0.30901699437494745 0.8090169943749475 1
-0.6881909602355868 -0.42532540417602005 0.5877852522924731 1
-0.5877852522924731 -0.6881909602355867 0.42532540417601994 1
-0.42532540417602 -0.5877852522924731 0.6881909602355868 1
-0.6881909602355868 -0.42532540417602005 0.5877852522924731 1
-0.5877852522924731 -0.6881909602355867 0.42532540417601994 1
-0.42532540417602 -0.5877852522924731 0.6881909602355868 1
-0.2732665289126717 -0.9619383577839176 0.0 1
-0.2732665289126717 -0.9619383577839176 0.0 1
0.0 -1.0 0.0 1
0.0 -1.0 0.0 1
0.2732665289126717 -0.9619383577839176 0.0 1
0.2732665289126717 -0.9619383577839176 0.0 1
-0.2732665289126717 -0.9619383577839176 0.0 1
-0.43388856455269476 -0.8626684804161862 0.2598919130077544 1
0.0 -1.0 0.0 1
-0.16245984811645314 -0.9510565162951536 0.2628655560595668 1
-0.16245984811645314 -0.9510565162951536 0.2628655560595668 1
-0.2732665289126717 -0.9619383577839176 0.0 1
-0.43388856455269476 -0.8626684804161862 0.2598919130077544 1
-0.16245984811645314 -0.9510565162951536 0.2628655560595668 1
-0.16245984811645314 -0.9510565162951536 0.2628655560595668 1
-0.3090169943749474 -0.8090169943749473 0.5 1
0.5257311121191336 -0.85065080835204 0.0 1
0.43388856455269476 -0.8626684804161862 0.2598919130077544 1
0.43388856455269476 -0.8626684804161862 0.2598919130077544 1
0.2732665289126717 -0.9619383577839176 0.0 1
0.3090169943749474 -0.8090169943749473 0.5 1
0.16245984811645314 -0.9510565162951536 0.2628655560595668 1
0.16245984811645314 -0.9510565162951536 0.2628655560595668 1
0.43388856455269476 -0.8626684804161862 0.2598919130077544 1
0.43388856455269476 -0.8626684804161862 0.2598919130077544 1
0.3090169943749474 -0.8090169943749473 0.5 1
0.2732665289126717 -0.9619383577839176 0.0 1
0.16245984811645314 -0.9510565162951536 0.2628655560595668 1
0.16245984811645314 -0.9510565162951536 0.2628655560595668 1
0.0 -1.0 0.0 1
-0.16062203564002311 -0.6937804775604491 0.702046444776163 1
0.16062203564002311 -0.6937804775604491 0.702046444776163 1
0.16062203564002311 -0.6937804775604491 0.702046444776163 1
0.0 -0.5257311121191336 0.85065080835204 1
-0.3090169943749474 -0.8090169943749473 0.5 1
0.0 -0.8506508083520399 0.5257311121191336 1
0.0 -0.8506508083520399 0.5257311121191336 1
-0.16062203564002311 -0.6937804775604491 0.702046444776163 1
0.3090169943749474 -0.8090169943749473 0.5 1
0.16062203564002311 -0.6937804775604491 0.702046444776163 1
0.16062203564002311 -0.6937804775604491 0.702046444776163 1
0.0 -0.8506508083520399 0.5257311121191336 1
0.0 -0.8506508083520399 0.5257311121191336 1
0.3090169943749474 -0.8090169943749473 0.5 1
0.16245984811645314 -0.9510565162951536 0.2628655560595668 1
-0.16245984811645314 -0.9510565162951536 0.2628655560595668 1
0.0 -0.8506508083520399 0.5257311121191336 1
0.16245984811645314 -0.9510565162951536 0.2628655560595668 1
-0.16245984811645314 -0.9510565162951536 0.2628655560595668 1
0.0 -0.8506508083520399 0.5257311121191336 1
-0.43388856455269476 -0.8626684804161862 0.2598919130077544 1
-0.43388856455269476 -0.8626684804161862 0.2598919130077544 1
-0.3090169943749474 -0.8090169943749473 0.5 1
-0.30901699437494745 -0.8090169943749475 0.5000000000000001 1
-0.30901699437494745 -0.8090169943749475 0.5000000000000001 1
-0.43388856455269476 -0.8626684804161862 0.2598919130077544 1
0.0 -0.5257311121191336 0.85065080835204 1
0.0 -0.5257311121191336 0.85065080835204 1
-0.16062203564002311 -0.6937804775604491 0.702046444776163 1
-0.16062203564002311 -0.6937804775604491 0.702046444776163 1
-0.16062203564002311 -0.6937804775604491 0.702046444776163 1
-0.30901699437494745 -0.8090169943749475 0.5000000000000001 1
-0.7020464447761631 -0.16062203564002314 0.6937804775604491 1
-0.7020464447761631 -0.16062203564002314 0.6937804775604491 1
-0.5000000000000001 -0.30901699437494745 0.8090169943749475 1
-0.5000000000000001 -0.30901699437494745 0.8090169943749475 1
-0.25989191300775444 -0.4338885645526948 0.8626684804161862 1
-0.25989191300775444 -0.4338885645526948 0.8626684804161862 1
-0.7020464447761631 -0.16062203564002314 0.6937804775604491 1
-0.7020464447761631 0.16062203564002314 0.6937804775604491 1
-0.7020464447761631 0.16062203564002314 0.6937804775604491 1
-0.85065080835204 0.0 0.5257311121191336 1
-0.5000000000000001 -0.30901699437494745 0.8090169943749475 1
-0.5257311121191337 0.0 0.8506508083520399 1
-0.5257311121191337 0.0 0.8506508083520399 1
-0.7020464447761631 -0.16062203564002314 0.6937804775604491 1
-0.5000000000000001 0.30901699437494745 0.8090169943749475 1
-0.7020464447761631 0.16062203564002314 0.6937804775604491 1
-0.7020464447761631 0.16062203564002314 0.6937804775604491 1
-0.5257311121191337 0.0 0.8506508083520399 1
-0.5257311121191337 0.0 0.8506508083520399 1
-0.5000000000000001 0.30901699437494745 0.8090169943749475 1
0.0 -0.5257311121191336 0.85065080835204 1
0.0 -0.2732665289126717 0.9619383577839176 1
0.0 -0.2732665289126717 0.9619383577839176 1
-0.25989191300775444 -0.4338885645526948 0.8626684804161862 1
0.0 0.0 1.0 1
-0.26286555605956685 -0.16245984811645317 0.9510565162951536 1
-0.26286555605956685 -0.16245984811645317 0.9510565162951536 1
0.0 -0.2732665289126717 0.9619383577839176 1
0.0 -0.2732665289126717 0.9619383577839176 1
0.0 0.0 1.0 1
-0.25989191300775444 -0.4338885645526948 0.8626684804161862 1
-0.26286555605956685 -0.16245984811645317 0.9510565162951536 1
-0.26286555605956685 -0.16245984811645317 0.9510565162951536 1
-0.5000000000000001 -0.30901699437494745 0.8090169943749475 1
0.0 0.5257311121191336 0.85065080835204 1
-0.25989191300775444 0.4338885645526948 0.8626684804161862 1
-0.25989191300775444 0.4338885645526948 0.8626684804161862 1
0.0 0.2732665289126717 0.9619383577839176 1
0.0 0.2732665289126717 0.9619383577839176 1
0.0 0.5257311121191336 0.85065080835204 1
-0.5000000000000001 0.30901699437494745 0.8090169943749475 1
-0.26286555605956685 0.16245984811645317 0.9510565162951536 1
-0.26286555605956685 0.16245984811645317 0.9510565162951536 1
-0.25989191300775444 0.4338885645526948 0.8626684804161862 1
-0.25989191300775444 0.4338885645526948 0.8626684804161862 1
-0.5000000000000001 0.30901699437494745 0.8090169943749475 1
0.0 0.0 1.0 1
0.0 0.2732665289126717 0.9619383577839176 1
0.0 0.2732665289126717 0.9619383577839176 1
-0.26286555605956685 0.16245984811645317 0.9510565162951536 1
-0.26286555605956685 0.16245984811645317 0.9510565162951536 1
0.0 0.0 1.0 1
-0.26286555605956685 -0.16245984811645317 0.9510565162951536 1
-0.5257311121191337 0.0 0.8506508083520399 1
-0.26286555605956685 0.16245984811645317 0.9510565162951536 1
-0.26286555605956685 -0.16245984811645317 0.9510565162951536 1
-0.5257311121191337 0.0 0.8506508083520399 1
-0.26286555605956685 0.16245984811645317 0.9510565162951536 1
-0.8626684804161862 0.25989191300775444 0.4338885645526948 1
-0.8626684804161862 0.25989191300775444 0.4338885645526948 1
-0.8090169943749475 0.5000000000000001 0.30901699437494745 1
-0.8090169943749475 0.5000000000000001 0.30901699437494745 1
-0.6937804775604491 0.7020464447761631 0.16062203564002314 1
-0.6937804775604491 0.7020464447761631 0.16062203564002314 1
-0.8626684804161862 0.25989191300775444 0.4338885645526948 1
-0.7020464447761631 0.16062203564002314 0.6937804775604491 1
-0.8090169943749475 0.5000000000000001 0.30901699437494745 1
-0.6881909602355868 0.42532540417602005 0.5877852522924731 1
-0.6881909602355868 0.42532540417602005 0.5877852522924731 1
-0.8626684804161862 0.25989191300775444 0.4338885645526948 1
-0.7020464447761631 0.16062203564002314 0.6937804775604491 1
-0.6881909602355868 0.42532540417602005 0.5877852522924731 1
-0.6881909602355868 0.42532540417602005 0.5877852522924731 1
-0.5000000000000001 0.30901699437494745 0.8090169943749475 1
-0.5257311121191336 0.85065080835204 0.0 1
-0.43388856455269476 0.8626684804161862 0.2598919130077544 1
-0.43388856455269476 0.8626684804161862 0.2598919130077544 1
-0.6937804775604491 0.7020464447761631 0.16062203564002314 1
-0.3090169943749474 0.8090169943749473 0.5 1
-0.5877852522924731 0.6881909602355867 0.42532540417601994 1
-0.5877852522924731 0.6881909602355867 0.42532540417601994 1
-0.43388856455269476 0.8626684804161862 0.2598919130077544 1
-0.43388856455269476 0.8626684804161862 0.2598919130077544 1
-0.3090169943749474 0.8090169943749473 0.5 1
-0.6937804775604491 0.7020464447761631 0.16062203564002314 1
-0.5877852522924731 0.6881909602355867 0.42532540417601994 1
-0.5877852522924731 0.6881909602355867 0.42532540417601994 1
-0.8090169943749475 0.5000000000000001 0.30901699437494745 1
-0.25989191300775444 0.4338885645526948 0.8626684804161862 1
-0.16062203564002311 0.6937804775604491 0.702046444776163 1
-0.16062203564002311 0.6937804775604491 0.702046444776163 1
0.0 0.5257311121191336 0.85065080835204 1
-0.5000000000000001 0.30901699437494745 0.8090169943749475 1
-0.42532540417602 0.5877852522924731 0.6881909602355868 1
-0.42532540417602 0.5877852522924731 0.6881909602355868 1
-0.25989191300775444 0.4338885645526948 0.8626684804161862 1
-0.3090169943749474 0.8090169943749473 0.5 1
-0.16062203564002311 0.6937804775604491 0.702046444776163 1
-0.16062203564002311 0.6937804775604491 0.702046444776163 1
-0.42532540417602 0.5877852522924731 0.6881909602355868 1
-0.42532540417602 0.5877852522924731 0.6881909602355868 1
-0.3090169943749474 0.8090169943749473 0.5 1
-0.5877852522924731 0.6881909602355867 0.42532540417601994 1
-0.6881909602355868 0.42532540417602005 0.5877852522924731 1
-0.42532540417602 0.5877852522924731 0.6881909602355868 1
-0.5877852522924731 0.6881909602355867 0.42532540417601994 1
-0.6881909602355868 0.42532540417602005 0.5877852522924731 1
-0.42532540417602 0.5877852522924731 0.6881909602355868 1
-0.7020464447761631 0.16062203564002314 0.6937804775604491 1
-0.7020464447761631 0.16062203564002314 0.6937804775604491 1
-0.5000000000000001 0.30901699437494745 0.8090169943749475 1
-0.5000000000000001 0.30901699437494745 0.8090169943749475 1
0.0 0.5257311121191336 0.85065080835204 1
0.0 0.5257311121191336 0.85065080835204 1
-0.25989191300775444 0.4338885645526948 0.8626684804161862 1
-0.25989191300775444 0.4338885645526948 0.8626684804161862 1
0.25989191300775444 0.4338885645526948 -0.8626684804161862 1
0.25989191300775444 0.4338885645526948 -0.8626684804161862 1
0.7020464447761631 0.16062203564002314 -0.6937804775604491 1
0.7020464447761631 0.16062203564002314 -0.6937804775604491 1
0.5000000000000001 0.30901699437494745 -0.8090169943749475 1
0.5000000000000001 0.30901699437494745 -0.8090169943749475 1
0.25989191300775444 0.4338885645526948 -0.8626684804161862 1
0.16062203564002311 0.6937804775604491 -0.702046444776163 1
0.16062203564002311 0.6937804775604491 -0.702046444776163 1
0.0 0.5257311121191336 -0.85065080835204 1
0.5000000000000001 0.30901699437494745 -0.8090169943749475 1
0.42532540417602 0.5877852522924731 -0.6881909602355868 1
0.42532540417602 0.5877852522924731 -0.6881909602355868 1
0.25989191300775444 0.4338885645526948 -0.8626684804161862 1
0.3090169943749474 0.8090169943749473 -0.5 1
0.16062203564002311 0.6937804775604491 -0.702046444776163 1
0.16062203564002311 0.6937804775604491 -0.702046444776163 1
0.42532540417602 0.5877852522924731 -0.6881909602355868 1
0.42532540417602 0.5877852522924731 -0.6881909602355868 1
0.3090169943749474 0.8090169943749473 -0.5 1
0.85065080835204 0.0 -0.5257311121191336 1
0.8626684804161862 0.25989191300775444 -0.4338885645526948 1
0.8626684804161862 0.25989191300775444 -0.4338885645526948 1
0.7020464447761631 0.16062203564002314 -0.6937804775604491 1
0.8090169943749475 0.5000000000000001 -0.30901699437494745 1
0.6881909602355868 0.42532540417602005 -0.5877852522924731 1
0.6881909602355868 0.42532540417602005 -0.5877852522924731 1
0.8626684804161862 0.25989191300775444 -0.4338885645526948 1
0.8626684804161862 0.25989191300775444 -0.4338885645526948 1
0.8090169943749475 0.5000000000000001 -0.30901699437494745 1
0.7020464447761631 0.16062203564002314 -0.6937804775604491 1
0.6881909602355868 0.42532540417602005 -0.5877852522924731 1
0.6881909602355868 0.42532540417602005 -0.5877852522924731 1
0.5000000000000001 0.30901699437494745 -0.8090169943749475 1
0.5257311121191336 0.85065080835204 0.0 1
0.43388856455269476 0.8626684804161862 -0.2598919130077544 1
0.43388856455269476 0.8626684804161862 -0.2598919130077544 1
0.6937804775604491 0.7020464447761631 -0.16062203564002314 1
0.6937804775604491 0.7020464447761631 -0.16062203564002314 1
0.5257311121191336 0.85065080835204 0.0 1
0.3090169943749474 0.8090169943749473 -0.5 1
0.5877852522924731 0.6881909602355867 -0.42532540417601994 1
0.5877852522924731 0.6881909602355867 -0.42532540417601994 1
0.43388856455269476 0.8626684804161862 -0.2598919130077544 1
0.43388856455269476 0.8626684804161862 -0.2598919130077544 1
0.3090169943749474 0.8090169943749473 -0.5 1
0.8090169943749475 0.5000000000000001 -0.30901699437494745 1
0.6937804775604491 0.7020464447761631 -0.16062203564002314 1
0.6937804775604491 0.7020464447761631 -0.16062203564002314 1
0.5877852522924731 0.6881909602355867 -0.42532540417601994 1
0.5877852522924731 0.6881909602355867 -0.42532540417601994 1
0.8090169943749475 0.5000000000000001 -0.30901699437494745 1
0.6881909602355868 0.42532540417602005 -0.5877852522924731 1
0.42532540417602 0.5877852522924731 -0.6881909602355868 1
0.5877852522924731 0.6881909602355867 -0.42532540417601994 1
0.6881909602355868 0.42532540417602005 -0.5877852522924731 1
0.42532540417602 0.5877852522924731 -0.6881909602355868 1
0.5877852522924731 0.6881909602355867 -0.42532540417601994 1
-0.16062203564002311 0.6937804775604491 -0.702046444776163 1
-0.16062203564002311 0.6937804775604491 -0.702046444776163 1
-0.43388856455269476 0.8626684804161862 -0.2598919130077544 1
-0.43388856455269476 0.8626684804161862 -0.2598919130077544 1
-0.3090169943749474 0.8090169943749473 -0.5 1
-0.30901699437494745 0.8090169943749475 -0.5000000000000001 1
-0.30901699437494745 0.8090169943749475 -0.5000000000000001 1
-0.43388856455269476 0.8626684804161862 -0.2598919130077544 1
-0.30901699437494745 0.8090169943749475 -0.5000000000000001 1
-0.16062203564002311 0.6937804775604491 -0.702046444776163 1
-0.16062203564002311 0.6937804775604491 -0.702046444776163 1
0.16062203564002311 0.6937804775604491 -0.702046444776163 1
-0.3090169943749474 0.8090169943749473 -0.5 1
0.0 0.8506508083520399 -0.5257311121191336 1
0.0 0.8506508083520399 -0.5257311121191336 1
-0.16062203564002311 0.6937804775604491 -0.702046444776163 1
0.16062203564002311 0.6937804775604491 -0.702046444776163 1
0.0 0.8506508083520399 -0.5257311121191336 1
0.0 0.8506508083520399 -0.5257311121191336 1
0.3090169943749474 0.8090169943749473 -0.5 1
-0.5257311121191336 0.85065080835204 0.0 1
-0.2732665289126717 0.9619383577839176 0.0 1
-0.2732665289126717 0.9619383577839176 0.0 1
-0.43388856455269476 0.8626684804161862 -0.2598919130077544 1
0.0 1.0 0.0 1
-0.16245984811645314 0.9510565162951536 -0.2628655560595668 1
-0.16245984811645314 0.9510565162951536 -0.2628655560595668 1
-0.2732665289126717 0.9619383577839176 0.0 1
-0.2732665289126717 0.9619383577839176 0.0 1
0.0 1.0 0.0 1
-0.43388856455269476 0.8626684804161862 -0.2598919130077544 1
-0.16245984811645314 0.9510565162951536 -0.2628655560595668 1
-0.16245984811645314 0.9510565162951536 -0.2628655560595668 1
-0.3090169943749474 0.8090169943749473 -0.5 1
0.43388856455269476 0.8626684804161862 -0.2598919130077544 1
0.2732665289126717 0.9619383577839176 0.0 1
0.2732665289126717 0.9619383577839176 0.0 1
0.5257311121191336 0.85065080835204 0.0 1
0.3090169943749474 0.8090169943749473 -0.5 1
0.16245984811645314 0.9510565162951536 -0.2628655560595668 1
0.16245984811645314 0.9510565162951536 -0.2628655560595668 1
0.43388856455269476 0.8626684804161862 -0.2598919130077544 1
0.0 1.0 0.0 1
0.2732665289126717 0.9619383577839176 0.0 1
0.2732665289126717 0.9619383577839176 0.0 1
0.16245984811645314 0.9510565162951536 -0.2628655560595668 1
0.16245984811645314 0.9510565162951536 -0.2628655560595668 1
0.0 1.0 0.0 1
-0.16245984811645314 0.9510565162951536 -0.2628655560595668 1
0.0 0.8506508083520399 -0.5257311121191336 1
0.16245984811645314 0.9510565162951536 -0.2628655560595668 1
-0.16245984811645314 0.9510565162951536 -0.2628655560595668 1
0.0 0.8506508083520399 -0.5257311121191336 1
0.16245984811645314 0.9510565162951536 -0.2628655560595668 1
0.16062203564002311 0.6937804775604491 -0.702046444776163 1
0.16062203564002311 0.6937804775604491 -0.702046444776163 1
0.3090169943749474 0.8090169943749473 -0.5 1
0.30901699437494745 0.8090169943749475 -0.5000000000000001 1
0.30901699437494745 0.8090169943749475 -0.5000000000000001 1
0.16062203564002311 0.6937804775604491 -0.702046444776163 1
0.5257311121191336 0.85065080835204 0.0 1
0.5257311121191336 0.85065080835204 0.0 1
0.43388856455269476 0.8626684804161862 -0.2598919130077544 1
0.43388856455269476 0.8626684804161862 -0.2598919130077544 1
0.43388856455269476 0.8626684804161862 -0.2598919130077544 1
0.30901699437494745 0.8090169943749475 -0.5000000000000001 1
0.6937804775604491 -0.7020464447761631 -0.16062203564002314 1
0.6937804775604491 -0.7020464447761631 -0.16062203564002314 1
0.8626684804161862 -0.25989191300775444 -0.4338885645526948 1
0.8626684804161862 -0.25989191300775444 -0.4338885645526948 1
0.8090169943749475 -0.5000000000000001 -0.30901699437494745 1
0.8090169943749475 -0.5000000000000001 -0.30901699437494745 1
0.6937804775604491 -0.7020464447761631 -0.16062203564002314 1
0.6937804775604491 -0.7020464447761631 0.16062203564002314 1
0.6937804775604491 -0.7020464447761631 0.16062203564002314 1
0.5257311121191336 -0.85065080835204 0.0 1
0.8090169943749475 -0.5000000000000001 -0.30901699437494745 1
0.8506508083520399 -0.5257311121191337 0.0 1
0.8506508083520399 -0.5257311121191337 0.0 1
0.6937804775604491 -0.7020464447761631 -0.16062203564002314 1
0.8090169943749475 -0.5000000000000001 0.30901699437494745 1
0.6937804775604491 -0.7020464447761631 0.16062203564002314 1
0.6937804775604491 -0.7020464447761631 0.16062203564002314 1
0.8506508083520399 -0.5257311121191337 0.0 1
0.8506508083520399 -0.5257311121191337 0.0 1
0.8090169943749475 -0.5000000000000001 0.30901699437494745 1
0.85065080835204 0.0 -0.5257311121191336 1
0.9619383577839176 0.0 -0.2732665289126717 1
0.9619383577839176 0.0 -0.2732665289126717 1
0.8626684804161862 -0.25989191300775444 -0.4338885645526948 1
1.0 0.0 0.0 1
0.9510565162951536 -0.26286555605956685 -0.16245984811645317 1
0.9510565162951536 -0.26286555605956685 -0.16245984811645317 1
0.9619383577839176 0.0 -0.2732665289126717 1
0.9619383577839176 0.0 -0.2732665289126717 1
1.0 0.0 0.0 1
0.8626684804161862 -0.25989191300775444 -0.4338885645526948 1
0.9510565162951536 -0.26286555605956685 -0.16245984811645317 1
0.9510565162951536 -0.26286555605956685 -0.16245984811645317 1
0.8090169943749475 -0.5000000000000001 -0.30901699437494745 1
0.85065080835204 0.0 0.5257311121191336 1
0.8626684804161862 -0.25989191300775444 0.4338885645526948 1
0.8626684804161862 -0.25989191300775444 0.4338885645526948 1
0.9619383577839176 0.0 0.2732665289126717 1
0.9619383577839176 0.0 0.2732665289126717 1
0.85065080835204 0.0 0.5257311121191336 1
0.8090169943749475 -0.5000000000000001 0.30901699437494745 1
0.9510565162951536 -0.26286555605956685 0.16245984811645317 1
0.9510565162951536 -0.26286555605956685 0.16245984811645317 1
0.8626684804161862 -0.25989191300775444 0.4338885645526948 1
0.8626684804161862 -0.25989191300775444 0.4338885645526948 1
0.8090169943749475 -0.5000000000000001 0.30901699437494745 1
1.0 0.0 0.0 1
0.9619383577839176 0.0 0.2732665289126717 1
0.9619383577839176 0.0 0.2732665289126717 1
0.9510565162951536 -0.26286555605956685 0.16245984811645317 1
0.9510565162951536 -0.26286555605956685 0.16245984811645317 1
1.0 0.0 0.0 1
0.9510565162951536 -0.26286555605956685 -0.16245984811645317 1
0.8506508083520399 -0.5257311121191337 0.0 1
0.9510565162951536 -0.26286555605956685 0.16245984811645317 1
0.9510565162951536 -0.26286555605956685 -0.16245984811645317 1
0.8506508083520399 -0.5257311121191337 0.0 1
0.9510565162951536 -0.26286555605956685 0.16245984811645317 1
0.43388856455269476 -0.8626684804161862 0.2598919130077544 1
0.43388856455269476 -0.8626684804161862 0.2598919130077544 1
0.16062203564002311 -0.6937804775604491 0.702046444776163 1
0.16062203564002311 -0.6937804775604491 0.702046444776163 1
0.3090169943749474 -0.8090169943749473 0.5 1
0.30901699437494745 -0.8090169943749475 0.5000000000000001 1
0.30901699437494745 -0.8090169943749475 0.5000000000000001 1
0.16062203564002311 -0.6937804775604491 0.702046444776163 1
0.30901699437494745 -0.8090169943749475 0.5000000000000001 1
0.43388856455269476 -0.8626684804161862 0.2598919130077544 1
0.43388856455269476 -0.8626684804161862 0.2598919130077544 1
0.6937804775604491 -0.7020464447761631 0.16062203564002314 1
0.3090169943749474 -0.8090169943749473 0.5 1
0.5877852522924731 -0.6881909602355867 0.42532540417601994 1
0.5877852522924731 -0.6881909602355867 0.42532540417601994 1
0.43388856455269476 -0.8626684804161862 0.2598919130077544 1
0.6937804775604491 -0.7020464447761631 0.16062203564002314 1
0.5877852522924731 -0.6881909602355867 0.42532540417601994 1
0.5877852522924731 -0.6881909602355867 0.42532540417601994 1
0.8090169943749475 -0.5000000000000001 0.30901699437494745 1
0.0 -0.5257311121191336 0.85065080835204 1
0.25989191300775444 -0.4338885645526948 0.8626684804161862 1
0.25989191300775444 -0.4338885645526948 0.8626684804161862 1
0.16062203564002311 -0.6937804775604491 0.702046444776163 1
0.5000000000000001 -0.30901699437494745 0.8090169943749475 1
0.42532540417602 -0.5877852522924731 0.6881909602355868 1
0.42532540417602 -0.5877852522924731 0.6881909602355868 1
0.25989191300775444 -0.4338885645526948 0.8626684804161862 1
0.25989191300775444 -0.4338885645526948 0.8626684804161862 1
0.5000000000000001 -0.30901699437494745 0.8090169943749475 1
0.16062203564002311 -0.6937804775604491 0.702046444776163 1
0.42532540417602 -0.5877852522924731 0.6881909602355868 1
0.42532540417602 -0.5877852522924731 0.6881909602355868 1
0.3090169943749474 -0.8090169943749473 0.5 1
0.8626684804161862 -0.25989191300775444 0.4338885645526948 1
0.7020464447761631 -0.16062203564002314 0.6937804775604491 1
0.7020464447761631 -0.16062203564002314 0.6937804775604491 1
0.85065080835204 0.0 0.5257311121191336 1
0.8090169943749475 -0.5000000000000001 0.30901699437494745 1
0.6881909602355868 -0.42532540417602005 0.5877852522924731 1
0.6881909602355868 -0.42532540417602005 0.5877852522924731 1
0.8626684804161862 -0.25989191300775444 0.4338885645526948 1
0.5000000000000001 -0.30901699437494745 0.8090169943749475 1
0.7020464447761631 -0.16062203564002314 0.6937804775604491 1
0.7020464447761631 -0.16062203564002314 0.6937804775604491 1
0.6881909602355868 -0.42532540417602005 0.5877852522924731 1
0.6881909602355868 -0.42532540417602005 0.5877852522924731 1
0.5000000000000001 -0.30901699437494745 0.8090169943749475 1
0.42532540417602 -0.5877852522924731 0.6881909602355868 1
0.5877852522924731 -0.6881909602355867 0.42532540417601994 1
0.6881909602355868 -0.42532540417602005 0.5877852522924731 1
0.42532540417602 -0.5877852522924731 0.6881909602355868 1
0.5877852522924731 -0.6881909602355867 0.42532540417601994 1
0.6881909602355868 -0.42532540417602005 0.5877852522924731 1
0.6937804775604491 -0.7020464447761631 0.16062203564002314 1
0.6937804775604491 -0.7020464447761631 0.16062203564002314 1
0.8626684804161862 -0.25989191300775444 0.4338885645526948 1
0.8626684804161862 -0.25989191300775444 0.4338885645526948 1
0.8090169943749475 -0.5000000000000001 0.30901699437494745 1
0.8090169943749475 -0.5000000000000001 0.30901699437494745 1
0.85065080835204 0.0 0.5257311121191336 1
0.85065080835204 0.0 0.5257311121191336 1
0.9619383577839176 0.0 -0.2732665289126717 1
0.9619383577839176 0.0 -0.2732665289126717 1
0.9619383577839176 0.0 0.2732665289126717 1
0.9619383577839176 0.0 0.2732665289126717 1
1.0 0.0 0.0 1
1.0 0.0 0.0 1
0.9619383577839176 0.0 -0.2732665289126717 1
0.8626684804161862 0.25989191300775444 -0.4338885645526948 1
1.0 0.0 0.0 1
0.9510565162951536 0.26286555605956685 -0.16245984811645317 1
0.9510565162951536 0.26286555605956685 -0.16245984811645317 1
0.9619383577839176 0.0 -0.2732665289126717 1
0.8626684804161862 0.25989191300775444 -0.4338885645526948 1
0.9510565162951536 0.26286555605956685 -0.16245984811645317 1
0.9510565162951536 0.26286555605956685 -0.16245984811645317 1
0.8090169943749475 0.5000000000000001 -0.30901699437494745 1
0.85065080835204 0.0 0.5257311121191336 1
0.8626684804161862 0.25989191300775444 0.4338885645526948 1
0.8626684804161862 0.25989191300775444 0.4338885645526948 1
0.9619383577839176 0.0 0.2732665289126717 1
0.8090169943749475 0.5000000000000001 0.30901699437494745 1
0.9510565162951536 0.26286555605956685 0.16245984811645317 1
0.9510565162951536 0.26286555605956685 0.16245984811645317 1
0.8626684804161862 0.25989191300775444 0.4338885645526948 1
0.8626684804161862 0.25989191300775444 0.4338885645526948 1
0.8090169943749475 0.5000000000000001 0.30901699437494745 1
0.9619383577839176 0.0 0.2732665289126717 1
0.9510565162951536 0.26286555605956685 0.16245984811645317 1
0.9510565162951536 0.26286555605956685 0.16245984811645317 1
1.0 0.0 0.0 1
0.6937804775604491 0.7020464447761631 -0.16062203564002314 1
0.6937804775604491 0.7020464447761631 0.16062203564002314 1
0.6937804775604491 0.7020464447761631 0.16062203564002314 1
0.5257311121191336 0.85065080835204 0.0 1
0.8090169943749475 0.5000000000000001 -0.30901699437494745 1
0.8506508083520399 0.5257311121191337 0.0 1
0.8506508083520399 0.5257311121191337 0.0 1
0.6937804775604491 0.7020464447761631 -0.16062203564002314 1
0.8090169943749475 0.5000000000000001 0.30901699437494745 1
0.6937804775604491 0.7020464447761631 0.16062203564002314 1
0.6937804775604491 0.7020464447761631 0.16062203564002314 1
0.8506508083520399 0.5257311121191337 0.0 1
0.8506508083520399 0.5257311121191337 0.0 1
0.8090169943749475 0.5000000000000001 0.30901699437494745 1
0.9510565162951536 0.26286555605956685 0.16245984811645317 1
0.9510565162951536 0.26286555605956685 -0.16245984811645317 1
0.8506508083520399 0.5257311121191337 0.0 1
0.9510565162951536 0.26286555605956685 0.16245984811645317 1
0.9510565162951536 0.26286555605956685 -0.16245984811645317 1
0.8506508083520399 0.5257311121191337 0.0 1
0.8626684804161862 0.25989191300775444 -0.4338885645526948 1
0.8626684804161862 0.25989191300775444 -0.4338885645526948 1
0.6937804775604491 0.7020464447761631 -0.16062203564002314 1
0.6937804775604491 0.7020464447761631 -0.16062203564002314 1
0.8090169943749475 0.5000000000000001 -0.30901699437494745 1
0.8090169943749475 0.5000000000000001 -0.30901699437494745 1
0.25989191300775444 -0.4338885645526948 0.8626684804161862 1
0.25989191300775444 -0.4338885645526948 0.8626684804161862 1
0.7020464447761631 -0.16062203564002314 0.6937804775604491 1
0.7020464447761631 -0.16062203564002314 0.6937804775604491 1
0.5000000000000001 -0.30901699437494745 0.8090169943749475 1
0.5000000000000001 -0.30901699437494745 0.8090169943749475 1
0.25989191300775444 -0.4338885645526948 0.8626684804161862 1
0.0 -0.2732665289126717 0.9619383577839176 1
0.5000000000000001 -0.30901699437494745 0.8090169943749475 1
0.26286555605956685 -0.16245984811645317 0.9510565162951536 1
0.26286555605956685 -0.16245984811645317 0.9510565162951536 1
0.25989191300775444 -0.4338885645526948 0.8626684804161862 1
0.0 -0.2732665289126717 0.9619383577839176 1
0.26286555605956685 -0.16245984811645317 0.9510565162951536 1
0.26286555605956685 -0.16245984811645317 0.9510565162951536 1
0.0 0.0 1.0 1
0.85065080835204 0.0 0.5257311121191336 1
0.7020464447761631 0.16062203564002314 0.6937804775604491 1
0.7020464447761631 0.16062203564002314 0.6937804775604491 1
0.7020464447761631 -0.16062203564002314 0.6937804775604491 1
0.5000000000000001 0.30901699437494745 0.8090169943749475 1
0.5257311121191337 0.0 0.8506508083520399 1
0.5257311121191337 0.0 0.8506508083520399 1
0.7020464447761631 0.16062203564002314 0.6937804775604491 1
0.7020464447761631 0.16062203564002314 0.6937804775604491 1
0.5000000000000001 0.30901699437494745 0.8090169943749475 1
0.7020464447761631 -0.16062203564002314 0.6937804775604491 1
0.5257311121191337 0.0 0.8506508083520399 1
0.5257311121191337 0.0 0.8506508083520399 1
0.5000000000000001 -0.30901699437494745 0.8090169943749475 1
0.0 0.2732665289126717 0.9619383577839176 1
0.25989191300775444 0.4338885645526948 0.8626684804161862 1
0.25989191300775444 0.4338885645526948 0.8626684804161862 1
0.0 0.5257311121191336 0.85065080835204 1
0.0 0.0 1.0 1
0.26286555605956685 0.16245984811645317 0.9510565162951536 1
0.26286555605956685 0.16245984811645317 0.9510565162951536 1
0.0 0.2732665289126717 0.9619383577839176 1
0.5000000000000001 0.30901699437494745 0.8090169943749475 1
0.25989191300775444 0.4338885645526948 0.8626684804161862 1
0.25989191300775444 0.4338885645526948 0.8626684804161862 1
0.26286555605956685 0.16245984811645317 0.9510565162951536 1
0.26286555605956685 0.16245984811645317 0.9510565162951536 1
0.5000000000000001 0.30901699437494745 0.8090169943749475 1
0.5257311121191337 0.0 0.8506508083520399 1
0.26286555605956685 -0.16245984811645317 0.9510565162951536 1
0.26286555605956685 0.16245984811645317 0.9510565162951536 1
0.5257311121191337 0.0 0.8506508083520399 1
0.26286555605956685 -0.16245984811645317 0.9510565162951536 1
0.26286555605956685 0.16245984811645317 0.9510565162951536 1
0.0 -0.2732665289126717 0.9619383577839176 1
0.0 -0.2732665289126717 0.9619383577839176 1
0.0 0.2732665289126717 0.9619383577839176 1
0.0 0.2732665289126717 0.9619383577839176 1
0.0 0.0 1.0 1
0.0 0.0 1.0 1
-0.43388856455269476 0.8626684804161862 0.2598919130077544 1
-0.43388856455269476 0.8626684804161862 0.2598919130077544 1
-0.16062203564002311 0.6937804775604491 0.702046444776163 1
-0.16062203564002311 0.6937804775604491 0.702046444776163 1
-0.3090169943749474 0.8090169943749473 0.5 1
-0.30901699437494745 0.8090169943749475 0.5000000000000001 1
-0.30901699437494745 0.8090169943749475 0.5000000000000001 1
-0.16062203564002311 0.6937804775604491 0.702046444776163 1
-0.30901699437494745 0.8090169943749475 0.5000000000000001 1
-0.43388856455269476 0.8626684804161862 0.2598919130077544 1
-0.43388856455269476 0.8626684804161862 0.2598919130077544 1
-0.2732665289126717 0.9619383577839176 0.0 1
-0.3090169943749474 0.8090169943749473 0.5 1
-0.16245984811645314 0.9510565162951536 0.2628655560595668 1
-0.16245984811645314 0.9510565162951536 0.2628655560595668 1
-0.43388856455269476 0.8626684804161862 0.2598919130077544 1
-0.2732665289126717 0.9619383577839176 0.0 1
-0.16245984811645314 0.9510565162951536 0.2628655560595668 1
-0.16245984811645314 0.9510565162951536 0.2628655560595668 1
0.0 1.0 0.0 1
0.0 0.5257311121191336 0.85065080835204 1
0.16062203564002311 0.6937804775604491 0.702046444776163 1
0.16062203564002311 0.6937804775604491 0.702046444776163 1
-0.16062203564002311 0.6937804775604491 0.702046444776163 1
0.3090169943749474 0.8090169943749473 0.5 1
0.0 0.8506508083520399 0.5257311121191336 1
0.0 0.8506508083520399 0.5257311121191336 1
0.16062203564002311 0.6937804775604491 0.702046444776163 1
0.16062203564002311 0.6937804775604491 0.702046444776163 1
0.3090169943749474 0.8090169943749473 0.5 1
-0.16062203564002311 0.6937804775604491 0.702046444776163 1
0.0 0.8506508083520399 0.5257311121191336 1
0.0 0.8506508083520399 0.5257311121191336 1
-0.3090169943749474 0.8090169943749473 0.5 1
0.2732665289126717 0.9619383577839176 0.0 1
0.43388856455269476 0.8626684804161862 0.2598919130077544 1
0.43388856455269476 0.8626684804161862 0.2598919130077544 1
0.5257311121191336 0.85065080835204 0.0 1
0.0 1.0 0.0 1
0.16245984811645314 0.9510565162951536 0.2628655560595668 1
0.16245984811645314 0.9510565162951536 0.2628655560595668 1
0.2732665289126717 0.9619383577839176 0.0 1
0.3090169943749474 0.8090169943749473 0.5 1
0.43388856455269476 0.8626684804161862 0.2598919130077544 1
0.43388856455269476 0.8626684804161862 0.2598919130077544 1
0.16245984811645314 0.9510565162951536 0.2628655560595668 1
0.16245984811645314 0.9510565162951536 0.2628655560595668 1
0.3090169943749474 0.8090169943749473 0.5 1
0.0 0.8506508083520399 0.5257311121191336 1
-0.16245984811645314 0.9510565162951536 0.2628655560595668 1
0.16245984811645314 0.9510565162951536 0.2628655560595668 1
0.0 0.8506508083520399 0.5257311121191336 1
-0.16245984811645314 0.9510565162951536 0.2628655560595668 1
0.16245984811645314 0.9510565162951536 0.2628655560595668 1
-0.2732665289126717 0.9619383577839176 0.0 1
-0.2732665289126717 0.9619383577839176 0.0 1
0.2732665289126717 0.9619383577839176 0.0 1
0.2732665289126717 0.9619383577839176 0.0 1
0.0 1.0 0.0 1
0.0 1.0 0.0 1
0.7020464447761631 0.16062203564002314 0.6937804775604491 1
0.7020464447761631 0.16062203564002314 0.6937804775604491 1
0.25989191300775444 0.4338885645526948 0.8626684804161862 1
0.25989191300775444 0.4338885645526948 0.8626684804161862 1
0.5000000000000001 0.30901699437494745 0.8090169943749475 1
0.5000000000000001 0.30901699437494745 0.8090169943749475 1
0.7020464447761631 0.16062203564002314 0.6937804775604491 1
0.8626684804161862 0.25989191300775444 0.4338885645526948 1
0.5000000000000001 0.30901699437494745 0.8090169943749475 1
0.6881909602355868 0.42532540417602005 0.5877852522924731 1
0.6881909602355868 0.42532540417602005 0.5877852522924731 1
0.7020464447761631 0.16062203564002314 0.6937804775604491 1
0.8626684804161862 0.25989191300775444 0.4338885645526948 1
0.6881909602355868 0.42532540417602005 0.5877852522924731 1
0.6881909602355868 0.42532540417602005 0.5877852522924731 1
0.8090169943749475 0.5000000000000001 0.30901699437494745 1
0.16062203564002311 0.6937804775604491 0.702046444776163 1
0.25989191300775444 0.4338885645526948 0.8626684804161862 1
0.3090169943749474 0.8090169943749473 0.5 1
0.42532540417602 0.5877852522924731 0.6881909602355868 1
0.42532540417602 0.5877852522924731 0.6881909602355868 1
0.16062203564002311 0.6937804775604491 0.702046444776163 1
0.25989191300775444 0.4338885645526948 0.8626684804161862 1
0.42532540417602 0.5877852522924731 0.6881909602355868 1
0.42532540417602 0.5877852522924731 0.6881909602355868 1
0.5000000000000001 0.30901699437494745 0.8090169943749475 1
0.6937804775604491 0.7020464447761631 0.16062203564002314 1
0.43388856455269476 0.8626684804161862 0.2598919130077544 1
0.8090169943749475 0.5000000000000001 0.30901699437494745 1
0.5877852522924731 0.6881909602355867 0.42532540417601994 1
0.5877852522924731 0.6881909602355867 0.42532540417601994 1
0.6937804775604491 0.7020464447761631 0.16062203564002314 1
0.43388856455269476 0.8626684804161862 0.2598919130077544 1
0.5877852522924731 0.6881909602355867 0.42532540417601994 1
0.5877852522924731 0.6881909602355867 0.42532540417601994 1
0.3090169943749474 0.8090169943749473 0.5 1
0.42532540417602 0.5877852522924731 0.6881909602355868 1
0.6881909602355868 0.42532540417602005 0.5877852522924731 1
0.5877852522924731 0.6881909602355867 0.42532540417601994 1
0.42532540417602 0.5877852522924731 0.6881909602355868 1
0.6881909602355868 0.42532540417602005 0.5877852522924731 1
0.5877852522924731 0.6881909602355867 0.42532540417601994 1
0.8626684804161862 0.25989191300775444 0.4338885645526948 1
0.8626684804161862 0.25989191300775444 0.4338885645526948 1
0.6937804775604491 0.7020464447761631 0.16062203564002314 1
0.6937804775604491 0.7020464447761631 0.16062203564002314 1
0.8090169943749475 0.5000000000000001 0.30901699437494745 1
0.8090169943749475 0.5000000000000001 0.30901699437494745 1
0.16062203564002311 0.6937804775604491 0.702046444776163 1
0.16062203564002311 0.6937804775604491 0.702046444776163 1
0.43388856455269476 0.8626684804161862 0.2598919130077544 1
0.43388856455269476 0.8626684804161862 0.2598919130077544 1
0.3090169943749474 0.8090169943749473 0.5 1
0.30901699437494745 0.8090169943749475 0.5000000000000001 1
0.30901699437494745 0.8090169943749475 0.5000000000000001 1
0.43388856455269476 0.8626684804161862 0.2598919130077544 1
0.30901699437494745 0.8090169943749475 0.5000000000000001 1
0.16062203564002311 0.6937804775604491 0.702046444776163 1
